 7 7                                                                            
 3 2 8                                                                          
 2 3 458                                                                        
10 1 2 3 4 5 6 7 8 910                                                          
 5 5 1 2 3 4 5 6 7 8 910111213141516171819202122232425                          
 4 4 4 1 2 3 4 5 6 7 8 9101112131415161718192021222324252627282930313233343536  
37383940414243444546474849505152535455565758596061626364                        
 1 4 158                                                                        
 3 5 3 8131823                                                                  

